4 0 0
0 4 0
0 0 4
3 1 0
3 0 1
1 3 0
0 3 1
1 0 3
0 1 3
2 2 0
2 0 2
0 2 2
2 1 1
1 2 1
1 1 2


2 0 0 0 0
0 2 0 0 0
0 0 2 0 0
0 0 0 2 0
0 0 0 0 2
1 1 0 0 0
1 0 1 0 0
1 0 0 1 0
1 0 0 0 1
0 1 1 0 0
0 1 0 1 0
0 1 0 0 1
0 0 1 1 0
0 0 1 0 1
0 0 0 1 1


8x5

7 0 0 0 0
0 7 0 0 0
0 0 7 0 0
0 0 0 7 0
0 0 0 0 7
6 1 0 0 0
6 0 1 0 0
6 0 0 1 0
6 0 0 0 1
1 6 0 0 0
0 6 1 0 0
0 6 0 1 0
0 6 0 0 1
1 0 6 0 0
0 1 6 0 0
0 0 6 1 0
0 0 6 0 1
1 0 0 6 0
0 1 0 6 0
0 0 1 6 0
0 0 0 6 1
1 0 0 0 6
0 1 0 0 6
0 0 1 0 6
0 0 0 1 6
5 2 0 0 0
5 0 2 0 0
5 0 0 2 0
5 0 0 0 2
2 5 0 0 0
0 5 2 0 0
0 5 0 2 0
0 5 0 0 2
2 0 5 0 0
0 2 5 0 0
0 0 5 2 0
0 0 5 0 2
2 0 0 5 0
0 2 0 5 0
0 0 2 5 0
0 0 0 5 2
2 0 0 0 5
0 2 0 0 5
0 0 2 0 5
0 0 0 2 5
4 3 0 0 0
4 0 3 0 0
4 0 0 3 0
4 0 0 0 3
3 4 0 0 0
0 4 3 0 0
0 4 0 3 0
0 4 0 0 3
3 0 4 0 0
0 3 4 0 0
0 0 4 3 0
0 0 4 0 3
3 0 0 4 0
0 3 0 4 0
0 0 3 4 0
0 0 0 4 3
3 0 0 0 4
0 3 0 0 4
0 0 3 0 4
0 0 0 3 4
5 1 1 0 0
5 1 0 1 0
5 1 0 0 1
5 0 1 1 0
5 0 1 0 1
5 0 0 1 1
1 5 1 0 0
1 5 0 1 0
1 5 0 0 1
0 5 1 1 0
0 5 1 0 1
0 5 0 1 1
1 1 5 0 0
1 0 5 1 0
1 0 5 0 1
0 1 5 1 0
0 1 5 0 1
0 0 5 1 1
1 1 0 5 0
1 0 1 5 0
1 0 0 5 1
0 1 1 5 0
0 1 0 5 1
0 0 1 5 1
1 1 0 0 5
1 0 1 0 5
1 0 0 1 5
0 1 1 0 5
0 1 0 1 5
0 0 1 1 5
4 2 1 0 0
4 2 0 1 0
4 2 0 0 1
4 1 2 0 0
4 0 2 1 0
4 0 2 0 1
4 1 0 2 0
4 0 1 2 0
4 0 0 2 1
4 1 0 0 2
4 0 1 0 2
4 0 0 1 2
2 4 1 0 0
2 4 0 1 0
2 4 0 0 1
1 4 2 0 0
0 4 2 1 0
0 4 2 0 1
1 4 0 2 0
0 4 1 2 0
0 4 0 2 1
1 4 0 0 2
0 4 1 0 2
0 4 0 1 2
2 1 4 0 0
2 0 4 1 0
2 0 4 0 1
1 2 4 0 0
0 2 4 1 0
0 2 4 0 1
1 0 4 2 0
0 1 4 2 0
0 0 4 2 1
1 0 4 0 2
0 1 4 0 2
0 0 4 1 2
2 1 0 4 0
2 0 1 4 0
2 0 0 4 1
1 2 0 4 0
0 2 1 4 0
0 2 0 4 1
1 0 2 4 0
0 1 2 4 0
0 0 2 4 1
1 0 0 4 2
0 1 0 4 2
0 0 1 4 2
2 1 0 0 4
2 0 1 0 4
2 0 0 1 4
1 2 0 0 4
0 2 1 0 4
0 2 0 1 4
1 0 2 0 4
0 1 2 0 4
0 0 2 1 4
1 0 0 2 4
0 1 0 2 4
0 0 1 2 4
3 3 1 0 0
3 3 0 1 0
3 3 0 0 1
3 1 3 0 0
3 0 3 1 0
3 0 3 0 1
3 1 0 3 0
3 0 1 3 0
3 0 0 3 1
3 1 0 0 3
3 0 1 0 3
3 0 0 1 3
1 3 3 0 0
0 3 3 1 0
0 3 3 0 1
1 3 0 3 0
0 3 1 3 0
0 3 0 3 1
1 3 0 0 3
0 3 1 0 3
0 3 0 1 3
1 0 3 3 0
0 1 3 3 0
0 0 3 3 1
1 0 3 0 3
0 1 3 0 3
0 0 3 1 3
1 0 0 3 3
0 1 0 3 3
0 0 1 3 3
3 2 2 0 0
3 2 0 2 0
3 2 0 0 2
3 0 2 2 0
3 0 2 0 2
3 0 0 2 2
2 3 2 0 0
2 3 0 2 0
2 3 0 0 2
0 3 2 2 0
0 3 2 0 2
0 3 0 2 2
2 2 3 0 0
2 0 3 2 0
2 0 3 0 2
0 2 3 2 0
0 2 3 0 2
0 0 3 2 2
2 2 0 3 0
2 0 2 3 0
2 0 0 3 2
0 2 2 3 0
0 2 0 3 2
0 0 2 3 2
2 2 0 0 3
2 0 2 0 3
2 0 0 2 3
0 2 2 0 3
0 2 0 2 3
0 0 2 2 3
4 1 1 1 0
4 1 1 0 1
4 1 0 1 1
4 0 1 1 1
1 4 1 1 0
1 4 1 0 1
1 4 0 1 1
0 4 1 1 1
1 1 4 1 0
1 1 4 0 1
1 0 4 1 1
0 1 4 1 1
1 1 1 4 0
1 1 0 4 1
1 0 1 4 1
0 1 1 4 1
1 1 1 0 4
1 1 0 1 4
1 0 1 1 4
0 1 1 1 4
3 2 1 1 0
3 2 1 0 1
3 2 0 1 1
3 1 2 1 0
3 1 2 0 1
3 0 2 1 1
3 1 1 2 0
3 1 0 2 1
3 0 1 2 1
3 1 1 0 2
3 1 0 1 2
3 0 1 1 2
2 3 1 1 0
2 3 1 0 1
2 3 0 1 1
1 3 2 1 0
1 3 2 0 1
0 3 2 1 1
1 3 1 2 0
1 3 0 2 1
0 3 1 2 1
1 3 1 0 2
1 3 0 1 2
0 3 1 1 2
2 1 3 1 0
2 1 3 0 1
2 0 3 1 1
1 2 3 1 0
1 2 3 0 1
0 2 3 1 1
1 1 3 2 0
1 0 3 2 1
0 1 3 2 1
1 1 3 0 2
1 0 3 1 2
0 1 3 1 2
2 1 1 3 0
2 1 0 3 1
2 0 1 3 1
1 2 1 3 0
1 2 0 3 1
0 2 1 3 1
1 1 2 3 0
1 0 2 3 1
0 1 2 3 1
1 1 0 3 2
1 0 1 3 2
0 1 1 3 2
2 1 1 0 3
2 1 0 1 3
2 0 1 1 3
1 2 1 0 3
1 2 0 1 3
0 2 1 1 3
1 1 2 0 3
1 0 2 1 3
0 1 2 1 3
1 1 0 2 3
1 0 1 2 3
0 1 1 2 3
2 2 2 1 0
2 2 2 0 1
2 2 1 2 0
2 2 0 2 1
2 2 1 0 2
2 2 0 1 2
2 1 2 2 0
2 0 2 2 1
2 1 2 0 2
2 0 2 1 2
2 1 0 2 2
2 0 1 2 2
1 2 2 2 0
0 2 2 2 1
1 2 2 0 2
0 2 2 1 2
1 2 0 2 2
0 2 1 2 2
1 0 2 2 2
0 1 2 2 2
3 1 1 1 1
1 3 1 1 1
1 1 3 1 1
1 1 1 3 1
1 1 1 1 3
2 2 1 1 1
2 1 2 1 1
2 1 1 2 1
2 1 1 1 2
1 2 2 1 1
1 2 1 2 1
1 2 1 1 2
1 1 2 2 1
1 1 2 1 2
1 1 1 2 2





2x3

2 0 0 0 - X
0 2 0 0 - O
0 0 2 0 - O
0 0 0 2 - X
1 1 0 0 - O
1 0 1 0 - O
1 0 0 1 - O
0 1 1 0 - X
0 1 0 1 - O
0 0 1 1 - O

4 3 1 ?
4x3

4 0 0 0 - X
0 4 0 0 - O
0 0 4 0 - O
0 0 0 4 - X
3 1 0 0 - O
3 0 1 0 - O
3 0 0 1 - O
1 3 0 0 - O
0 3 1 0 - O
0 3 0 1 - O
1 0 3 0 - O
0 1 3 0 - O
0 0 3 1 - O
1 0 0 3 - O
0 1 0 3 - O
0 0 1 3 - O
2 2 0 0 - O
2 0 2 0 - O
2 0 0 2 - O
0 2 2 0 - O
0 2 0 2 - O
0 0 2 2 - O
2 1 1 0 - O
2 1 0 1 - O
2 0 1 1 - O
1 2 1 0 - O
1 2 0 1 - O
0 2 1 1 - O
1 1 2 0 - O
1 0 2 1 - O
0 1 2 1 - O
1 1 0 2 - O
1 0 1 2 - O
0 1 1 2 - O
1 1 1 1 - X
